# SKELANA PSRUNQ accepted ranges: firstRun firstFile lastRun lastFile
# window: MVX_A>=1 MVX_C>=1 TPC_0>=7 TPC_1>=7
# fills 3895, ranges 209
7419 1 8021 1
8024 1 8838 1
8846 1 8860 1
8868 1 9097 1
9103 1 9106 1
9181 1 9186 1
9262 1 9655 1
9663 1 9771 1
9781 1 9912 1
9987 1 9989 1
9993 1 10105 3
10119 1 10132 1
10139 1 10141 2
10152 1 10339 2
10343 1 10449 2
10519 1 10519 1
10526 1 10537 5
10551 1 10679 1
12868 2 12893 1
12966 1 13391 1
13430 1 13437 1
13441 1 13942 2
13955 2 13990 2
13995 1 14134 1
14149 1 14627 1
14633 1 14633 1
14643 1 15694 1
15710 1 15829 1
21036 1 21078 2
21111 1 22783 1
22812 1 22821 5
22821 8 24627 2
24682 1 25897 2
25899 2 26458 4
26475 2 28123 1
28123 3 28446 2
28448 1 28581 1
28594 1 28661 1
28685 1 28700 3
28723 1 28900 1
30175 1 30178 1
30180 1 30180 1
30242 1 30343 3
30363 1 30431 3
30432 1 31364 2
31507 1 31513 7
31545 1 31617 2
31618 1 31714 9
31743 2 31993 6
32009 1 32222 4
32223 1 32301 2
32380 1 32438 1
32439 3 32440 1
32442 1 32511 1
32520 1 33087 1
33104 1 33319 3
33321 1 33796 3
33797 1 34024 13
34025 1 34766 4
34770 1 34982 1
35022 1 35244 2
35245 2 35245 7
35245 9 35301 1
35301 4 35305 2
35306 1 35308 1
35311 1 35351 1
35353 1 35861 1
35864 1 36079 1
36080 1 36154 2
36161 1 36311 3
36785 1 36859 2
36884 1 36903 3
36903 6 36988 2
36989 1 37079 1
37090 1 37394 4
37401 1 37770 1
37773 1 37774 1
37826 1 38238 1
38241 1 38775 2
38789 1 38948 1
38971 1 39018 1
39019 1 39423 2
39428 1 40114 10
40129 1 40343 1
40528 1 40896 2
40923 1 41650 1
41651 2 42031 1
42033 1 42366 1
42381 1 42592 1
42593 1 43085 3
44249 1 44386 1
44393 1 44423 1
44427 1 44471 1
44496 1 44639 1
44649 1 44651 1
44764 1 44778 1
44785 1 44790 2
44810 1 45219 1
45015 1 45323 1
45327 1 46195 1
46261 1 47035 1
47046 1 47693 1
47700 1 48762 1
48763 2 49168 7
49171 1 49500 1
49503 1 49572 14
49577 1 49739 3
49739 5 49804 9
49805 1 49910 21
49959 1 50574 4
50586 3 50719 6
50719 8 51355 1
51355 3 51370 2
51371 1 51380 7
51381 2 51430 1
51433 1 51635 2
51635 4 52032 1
52032 3 52032 6
52032 8 52042 3
52090 1 52138 1
52142 1 52866 13
52868 2 52908 1
52912 2 53037 2
53037 4 53348 1
53348 3 53638 3
54575 1 54599 1
54621 1 54714 1
54723 1 54781 3
54784 1 54997 2
55001 1 55135 2
55136 1 55697 1
55699 1 55732 6
57050 1 57159 1
57241 1 57399 1
57415 1 58150 2
58165 1 59345 4
59348 1 59364 12
59364 14 60095 1
60098 1 60596 1
60598 1 60942 1
61017 1 61029 34
61033 1 61391 3
61392 1 61600 4
61603 1 61736 1
61744 1 62092 1
62098 1 62224 1
62225 1 62447 4
62448 1 62981 13
62986 1 63874 2
63875 2 63882 2
63905 1 64733 1
66814 1 69198 1
69198 3 71911 1
74428 1 74448 1
74451 1 74459 1
74568 1 74568 1
74662 1 74712 1
74759 1 74927 3
75037 1 75045 8
75104 1 75118 1
75162 1 75168 9
75171 1 75171 1
75212 1 75286 1
75328 1 76353 1
76372 1 77951 2
77985 1 78522 1
78525 1 79782 1
79784 1 80963 3
82466 1 82571 1
82575 1 83725 1
83742 1 83742 1
83744 1 86265 2
86267 1 88755 2
88791 1 89411 1
89417 1 89752 8
101433 1 104029 3
104050 1 104426 1
104427 2 107215 2
107226 1 107702 2
108390 1 108862 2
110233 3 110233 3
110360 1 110372 3
110376 1 110381 3
110383 1 110384 2
110384 4 110386 3
110741 5 110906 9
110948 3 110948 3
112018 1 112018 1
112393 1 112393 1
113081 1 113081 1
113994 1 113994 1
114236 1 114268 6
114474 1 114474 1
115208 1 115208 1
115443 2 115444 2
115444 5 115445 1
115445 3 115445 7
115445 10 115445 10
115445 12 115445 13
115446 2 115449 1
115449 5 115449 5
115449 7 115449 8
115450 2 115451 2
115451 4 115451 5
115452 2 115452 3
115456 1 115456 1
115456 8 115456 8
115456 10 115456 10
116474 1 116475 3
